image: map_rot.pgm
resolution: 0.020000
origin: [-10.55000, -12.35000, 0.000000]
negate: 0
occupied_thresh: 0.65
free_thresh: 0.196

